70122
70207
70208
70257
70311
70371
70381
70391
03121
03124
03132
03133
09105
09217
09218
15110
15112
15122
15150
15213
18213
21122
21127
21241
21259
21260
21300 
21301
80210
33100
33104
33115
33124
33141
33142
88300
36208
36217
66221	
76101
76221
76234
76239
76270
79104
79201
79274
79341
82101
82103
82104
82114
82115
82132
82131
82132
82133
82134
82137
82141
82142
82143
82144
82161
82162
82171
82172
82173
82172
82191
82232
82271
82272
82273
82278
82279
82283
82305
82335
82371
82372
82399
57149
57173
57188	
57341
57342	
80100
80135
80180
85102
85241
36207